3.129233837127685547e+00
2.188549280166625977e+00
1.940379261970520020e+00
2.182157754898071289e+00
1.731560587882995605e+00
1.640345811843872070e+00
1.862303137779235840e+00
1.495785236358642578e+00
1.457879066467285156e+00
1.647654056549072266e+00
1.343072772026062012e+00
1.326651096343994141e+00
1.488431692123413086e+00
1.231650114059448242e+00
1.225169181823730469e+00
1.363714814186096191e+00
1.143598914146423340e+00
1.143398046493530273e+00
1.262311100959777832e+00
1.070673465728759766e+00
1.075581073760986328e+00
1.177731871604919434e+00
1.008545160293579102e+00
1.018038392066955566e+00
1.105885863304138184e+00
9.546091556549072266e-01
9.682894349098205566e-01
1.043983697891235352e+00
9.071470499038696289e-01
9.246105551719665527e-01
9.900320768356323242e-01
8.649540543556213379e-01
8.857782483100891113e-01
9.425588250160217285e-01
8.271469473838806152e-01
8.509055376052856445e-01
9.004470109939575195e-01
7.930542230606079102e-01
8.193313479423522949e-01
8.628265857696533203e-01
7.621480822563171387e-01
7.905472517013549805e-01
8.290042877197265625e-01
7.340007424354553223e-01
7.641499042510986328e-01
7.984194159507751465e-01
7.082560062408447266e-01
7.398129105567932129e-01
7.706129550933837891e-01
6.846140623092651367e-01
7.172691822052001953e-01
7.452079057693481445e-01
6.628196239471435547e-01
6.962989568710327148e-01
7.218936681747436523e-01
6.426551938056945801e-01
6.767191886901855469e-01
7.004142403602600098e-01
6.239359378814697266e-01
6.583775877952575684e-01
6.805557608604431152e-01
6.065047383308410645e-01
6.411452889442443848e-01
6.621388196945190430e-01
5.902282595634460449e-01
6.249130368232727051e-01
6.450099945068359375e-01
5.749913454055786133e-01
6.095870137214660645e-01
6.290373206138610840e-01
5.606939792633056641e-01
5.950850844383239746e-01
6.141054034233093262e-01
5.472483634948730469e-01
5.813354849815368652e-01
6.001133322715759277e-01
5.345770120620727539e-01
5.682748556137084961e-01
5.869721174240112305e-01
5.226113796234130859e-01
5.558471679687500000e-01
5.746029019355773926e-01
5.112905502319335938e-01
5.440024137496948242e-01
5.629357099533081055e-01
5.005605220794677734e-01
5.326959490776062012e-01
5.519085526466369629e-01
4.903725385665893555e-01
5.218876600265502930e-01
5.414663553237915039e-01
4.806831181049346924e-01
5.115410685539245605e-01
5.315597653388977051e-01
4.714533984661102295e-01
5.016234517097473145e-01
5.221450924873352051e-01
4.626480638980865479e-01
4.921045601367950439e-01
5.131831169128417969e-01
4.542354047298431396e-01
4.829568862915039062e-01
5.046390891075134277e-01
4.461870491504669189e-01
4.741556942462921143e-01
4.964816272258758545e-01
4.384772479534149170e-01
4.656783938407897949e-01
4.886823892593383789e-01
4.310830235481262207e-01
4.575054049491882324e-01
4.812160432338714600e-01
4.239838123321533203e-01
4.496197402477264404e-01
4.740589857101440430e-01
4.171611368656158447e-01
4.420064389705657959e-01
4.671905636787414551e-01
4.105982780456542969e-01
4.346528351306915283e-01
4.605914652347564697e-01
4.042800068855285645e-01
4.275469779968261719e-01
4.542444050312042236e-01
3.981921970844268799e-01
4.206781685352325439e-01
4.481334984302520752e-01
3.923218548297882080e-01
4.140358269214630127e-01
4.422443211078643799e-01
3.866566121578216553e-01
4.076100289821624756e-01
4.365635514259338379e-01
3.811853528022766113e-01
4.013909995555877686e-01
4.310791492462158203e-01
3.758975267410278320e-01
3.953695595264434814e-01
4.257798194885253906e-01
3.707832396030426025e-01
3.895365595817565918e-01
4.206549823284149170e-01
3.658333718776702881e-01
3.838835358619689941e-01
4.156953394412994385e-01
3.610394299030303955e-01
3.784023523330688477e-01
4.108917713165283203e-01
3.563936352729797363e-01
3.730852901935577393e-01
4.062361419200897217e-01
3.518885672092437744e-01
3.679248690605163574e-01
4.017208814620971680e-01
3.475174605846405029e-01
3.629142343997955322e-01
3.973388075828552246e-01
3.432739377021789551e-01
3.580465912818908691e-01
3.930832445621490479e-01
3.391519188880920410e-01
3.533159196376800537e-01
3.889481723308563232e-01
3.351458013057708740e-01
3.487161993980407715e-01
3.849277496337890625e-01
3.312504589557647705e-01
3.442417681217193604e-01
3.810166120529174805e-01
3.274609148502349854e-01
3.398874104022979736e-01
3.772096633911132812e-01
3.237724900245666504e-01
3.356480598449707031e-01
3.735021948814392090e-01
3.201808035373687744e-01
3.315189182758331299e-01
3.698898553848266602e-01
3.166818916797637939e-01
3.274955749511718750e-01
3.663683533668518066e-01
3.132717013359069824e-01
3.235736489295959473e-01
3.629338145256042480e-01
3.099467754364013672e-01
3.197492361068725586e-01
3.595825135707855225e-01
3.067035079002380371e-01
3.160183727741241455e-01
3.563111722469329834e-01
3.035386502742767334e-01
3.123774230480194092e-01
3.531161546707153320e-01
3.004491627216339111e-01
3.088229000568389893e-01
3.499947190284729004e-01
2.974321246147155762e-01
3.053515851497650146e-01
3.469437062740325928e-01
2.944847345352172852e-01
3.019604086875915527e-01
3.439604640007019043e-01
2.916043996810913086e-01
2.986463308334350586e-01
3.410423696041107178e-01
2.887886762619018555e-01
2.954065203666687012e-01
3.381868600845336914e-01
2.860350012779235840e-01
2.922382354736328125e-01
3.353917002677917480e-01
2.833412885665893555e-01
2.891391515731811523e-01
3.326546251773834229e-01
2.807053327560424805e-01
2.861066162586212158e-01
3.299736082553863525e-01
2.781250774860382080e-01
2.831384241580963135e-01
3.273465633392333984e-01
2.755985856056213379e-01
2.802323698997497559e-01
3.247715234756469727e-01
2.731240391731262207e-01
2.773862183094024658e-01
3.222467899322509766e-01
2.706996202468872070e-01
2.745981216430664062e-01
3.197706937789916992e-01
2.683237493038177490e-01
2.718662023544311523e-01
3.173415064811706543e-01
2.659946382045745850e-01
2.691884040832519531e-01
3.149576485157012939e-01
2.637108862400054932e-01
2.665630877017974854e-01
3.126176595687866211e-01
2.614709138870239258e-01
2.639887332916259766e-01
3.103201985359191895e-01
2.592734098434448242e-01
2.614635825157165527e-01
3.080638051033020020e-01
2.571169435977935791e-01
2.589861154556274414e-01
3.058471977710723877e-01
2.550002932548522949e-01
2.565548717975616455e-01
3.036691546440124512e-01
2.529221773147583008e-01
2.541684806346893311e-01
3.015286028385162354e-01
2.508814036846160889e-01
2.518256604671478271e-01
2.994242906570434570e-01
2.488768249750137329e-01
2.495249509811401367e-01
2.973551750183105469e-01
2.469074279069900513e-01
2.472653090953826904e-01
2.953202128410339355e-01
2.449720948934555054e-01
2.450453490018844604e-01
2.933183908462524414e-01
2.430697977542877197e-01
2.428640574216842651e-01
2.913487851619720459e-01
2.411996573209762573e-01
2.407203167676925659e-01
2.894105315208435059e-01
2.393606603145599365e-01
2.386130392551422119e-01
2.875026762485504150e-01
2.375519871711730957e-01
2.365413457155227661e-01
2.856244444847106934e-01
2.357726991176605225e-01
2.345041632652282715e-01
2.837750315666198730e-01
2.340220361948013306e-01
2.325005084276199341e-01
2.819535732269287109e-01
2.322991639375686646e-01
2.305295914411544800e-01
2.801593542098999023e-01
2.306033372879028320e-01
2.285904437303543091e-01
2.783917188644409180e-01
2.289338856935501099e-01
2.266823053359985352e-01
2.766499221324920654e-01
2.272899746894836426e-01
2.248043119907379150e-01
2.749333381652832031e-01
2.256709784269332886e-01
2.229557186365127563e-01
2.732413113117218018e-01
2.240762859582901001e-01
2.211358249187469482e-01
