3.289371605896043715e-02
5.316524437548487692e-01
6.534522885958107263e-01
6.573312645461598658e-01
6.754848719937935897e-01
6.975174553917765641e-01
6.997672614429790716e-01
7.069821567106283622e-01
7.339022498060512323e-01
7.354538401861908659e-01
7.467804499612102909e-01
7.715283165244375407e-01
7.726144297905352953e-01
7.788983708301008280e-01
8.024825446082234359e-01
8.022498060512024409e-01
8.061287820015515804e-01
8.307214895267649446e-01
8.297129557796741883e-01
8.371605896043444739e-01
8.513576415826221711e-01
8.518231186966640500e-01
8.560899922420480701e-01
8.663304887509697405e-01
8.662529092319627422e-01
8.713731574864236329e-01
8.798293250581846747e-01
8.805275407292474377e-01
8.848719937936384561e-01
8.898370830100853501e-01
8.900698215671062341e-01
8.955779674166020055e-01
8.993793638479441466e-01
8.994569433669511449e-01
9.034910783553141700e-01
9.057408844065166775e-01
9.055857253685026809e-01
9.090768037238169397e-01
9.110162916989914539e-01
9.114041892940263345e-01
9.147401086113265967e-01
9.162141194724592319e-01
9.164468580294802269e-01
9.198603568657874874e-01
9.204809930178432520e-01
9.206361520558572487e-01
9.252909231962761494e-01
9.256788207913111410e-01
9.253685027152831477e-01
9.311093871217998030e-01
9.298681148176881628e-01
9.301008533747090468e-01
9.360744763382466971e-01
9.357641582622188148e-01
9.349883630721489425e-01
9.417377812257563541e-01
9.401861908456167205e-01
9.400310318076028349e-01
9.460046547711403742e-01
9.442203258339798566e-01
9.439875872769588616e-01
9.498060512024825153e-01
9.476338246702870061e-01
9.478665632273080011e-01
9.533747090768037724e-01
9.508145849495732715e-01
9.507370054305663842e-01
9.570985259891389152e-01
9.544608223429015270e-01
9.540729247478665354e-01
9.594259115593483100e-01
9.582622187742435571e-01
9.578743211792086765e-01
9.616757176105508176e-01
9.609775019394879436e-01
9.606671838634600613e-01
9.634600465477114462e-01
9.632273079906904512e-01
9.633048875096974495e-01
9.655546935608999570e-01
9.653219550038789620e-01
9.654771140418929587e-01
9.679596586501163502e-01
9.671062839410395906e-01
9.671062839410395906e-01
9.695112490302559838e-01
9.690457719162141048e-01
9.688906128782001081e-01
9.713731574864236107e-01
9.705973622963537384e-01
9.705197827773467401e-01
9.727695888285492476e-01
9.722265321955003703e-01
9.720713731574863736e-01
9.737005430566330055e-01
9.739332816136540005e-01
9.738557020946470022e-01
9.750969743987587535e-01
9.756400310318076308e-01
9.757176105508146291e-01
9.761055081458495097e-01
9.765709852598913887e-01
9.764158262218773920e-01
9.774243599689681483e-01
9.773467804499612610e-01
9.775795190069821450e-01
9.785880527540729013e-01
9.787432117920868979e-01
9.785104732350659029e-01
9.794414274631497719e-01
9.799844840961986492e-01
9.799069045771916509e-01
9.799844840961986492e-01
9.807602792862684105e-01
9.808378588052754088e-01
9.810705973622964038e-01
9.813809154383242861e-01
9.813809154383242861e-01
9.823894491854150424e-01
9.822342901474010457e-01
9.823118696664080440e-01
9.826997672614429247e-01
9.829325058184639197e-01
9.829325058184639197e-01
9.833204034134988003e-01
9.836307214895267936e-01
9.836307214895267936e-01
9.840961986035686726e-01
9.840961986035686726e-01
9.841737781225756709e-01
9.847944142746315466e-01
9.847944142746315466e-01
9.847944142746315466e-01
9.849495733126454322e-01
9.852598913886734255e-01
9.852598913886734255e-01
9.852598913886734255e-01
9.854150504266873112e-01
9.854150504266873112e-01
9.856477889837083062e-01
9.857253685027153045e-01
9.857253685027153045e-01
9.858805275407293012e-01
9.861132660977501851e-01
9.860356865787431868e-01
9.864235841737780675e-01
9.865787432117920641e-01
9.865787432117920641e-01
9.869666408068269448e-01
9.870442203258339431e-01
9.870442203258339431e-01
9.871217998448409414e-01
9.872769588828549381e-01
9.872769588828549381e-01
9.871993793638479398e-01
9.873545384018619364e-01
9.872769588828549381e-01
9.875096974398758221e-01
9.877424359968968171e-01
9.877424359968968171e-01
9.877424359968968171e-01
9.879751745539178120e-01
9.879751745539178120e-01
9.881303335919316977e-01
9.880527540729246994e-01
9.880527540729246994e-01
9.884406516679596910e-01
9.882079131109386960e-01
9.882079131109386960e-01
9.888285492629945717e-01
9.886733902249805750e-01
9.886733902249805750e-01
9.889061287820015700e-01
9.889837083010085683e-01
9.889837083010085683e-01
9.890612878200155667e-01
9.891388673390224540e-01
9.892164468580294523e-01
9.898370830100853279e-01
9.896043444530644440e-01
9.896043444530644440e-01
9.900698215671063229e-01
9.899922420480993246e-01
9.899922420480993246e-01
9.902249806051202086e-01
9.903025601241272069e-01
9.903801396431342052e-01
9.906128782001552002e-01
9.906128782001552002e-01
9.906128782001552002e-01
9.909231962761830825e-01
9.910007757951900809e-01
9.909231962761830825e-01
9.910783553141970792e-01
9.910007757951900809e-01
9.910007757951900809e-01
9.913886733902249615e-01
9.915438324282389582e-01
9.915438324282389582e-01
9.917765709852598421e-01
9.916989914662529548e-01
9.916214119472459565e-01
9.920093095422808371e-01
9.919317300232738388e-01
9.919317300232738388e-01
9.921644685802948338e-01
9.922420480993018321e-01
9.922420480993018321e-01
9.923196276183087194e-01
9.924747866563227161e-01
9.924747866563227161e-01
9.924747866563227161e-01
9.925523661753297144e-01
9.925523661753297144e-01
9.926299456943367128e-01
9.927851047323507094e-01
9.927075252133437111e-01
9.929402637703645951e-01
9.928626842513575967e-01
9.928626842513575967e-01
9.934057408844064740e-01
9.931730023273855901e-01
9.931730023273855901e-01
9.934833204034134724e-01
9.934833204034134724e-01
9.934833204034134724e-01
9.935608999224204707e-01
9.937160589604344674e-01
9.937160589604344674e-01
9.938712179984484640e-01
9.939487975174553513e-01
9.938712179984484640e-01
9.940263770364623497e-01
9.943366951124903430e-01
9.944142746314972303e-01
9.942591155934833447e-01
9.944142746314972303e-01
9.944142746314972303e-01
9.945694336695112270e-01
9.944918541505042286e-01
9.944918541505042286e-01
9.947245927075252236e-01
9.948021722265322220e-01
9.948021722265322220e-01
9.949573312645461076e-01
9.949573312645461076e-01
9.948797517455392203e-01
9.951900698215671026e-01
9.951124903025601043e-01
9.951124903025601043e-01
9.954228083785880976e-01
9.954228083785880976e-01
9.954228083785880976e-01
9.955003878975949849e-01
9.955779674166019833e-01
9.955003878975949849e-01
9.957331264546159799e-01
9.956555469356089816e-01
9.956555469356089816e-01
9.957331264546159799e-01
9.957331264546159799e-01
9.957331264546159799e-01
9.958107059736229782e-01
9.958107059736229782e-01
9.958107059736229782e-01
9.958882854926299766e-01
9.959658650116369749e-01
9.959658650116369749e-01
9.958882854926299766e-01
9.959658650116369749e-01
9.959658650116369749e-01
9.958882854926299766e-01
9.959658650116369749e-01
9.959658650116369749e-01
9.960434445306438622e-01
9.961210240496508606e-01
9.960434445306438622e-01
9.960434445306438622e-01
9.961986035686578589e-01
9.961986035686578589e-01
9.960434445306438622e-01
9.961986035686578589e-01
9.961986035686578589e-01
9.961210240496508606e-01
9.963537626066718556e-01
9.963537626066718556e-01
9.962761830876648572e-01
9.963537626066718556e-01
9.963537626066718556e-01
9.963537626066718556e-01
9.965089216446858522e-01
9.965089216446858522e-01
9.963537626066718556e-01
9.965865011636927395e-01
9.965865011636927395e-01
9.965865011636927395e-01
9.965865011636927395e-01
9.965865011636927395e-01
9.966640806826997379e-01
9.965865011636927395e-01
